0.001440
0.009369
0.004110
0.000779
0.000558
0.000340
0.000410
0.000279
0.000078
0.000070
0.000026
0.000027
0.000018
0.000027
0.000032
0.000021
0.000019
0.000029
0.000030
0.000020
0.000023
0.000025
0.000061
0.000064
0.000318
0.000262
0.000480
0.000322
0.001306
0.008900
0.003895
0.000728
0.000553
0.000406
0.000084
0.000031
0.001432
0.000024
0.009343
0.000034
0.004028
0.000029
0.000726
0.000017
0.000285
0.000207
0.000049
0.000020
0.000033
0.000088
0.000414
0.000560
0.000025
0.001441
0.000035
0.009370
0.000026
0.004109
0.000016
0.000778
0.000021
0.000059
0.000270
0.000332
